ANDR_HUMAN	137	57_ANDR_HUMAN~CD~ANDR_HUMAN_PEAKS037085_macs_M_feature_compare_table_train_cut.tab	0.3974623481025055	0.5474139107544483	0.48634432498285185	0.3614812859598726	0.33717778884961513	0.35275637416214606	0.4003372445151372	0.46998995961903073	0.446927256978011	0.4713901714138982	0.5042128181341725	0.42849514005609984	0.4006541867290449	0.4228923527463369	0.5504874297431898	0.7016807271089396	0.4707328484577425	0.6014631556826953	0.5928565673851754	0.6004125459413898	0.6273055735156703	0.7225227976932735	0.5760936999200873	0.6641660143777623	0.647018979732986	0.6611207632820982	0.6692775480342963	0.6078996258545882	0.33237660862967405	0.5619410068572932	0.5357579642200443	0.5455731183775584	0.5981406425516531
AP2A_HUMAN	2	1_AP2A_HUMAN~CD~AP2A_HUMAN_PEAKS034171_macs_M_feature_compare_table_train_cut.tab	0.10442243525252934	0.1198442233070285	0.18462592230587413	0.09344564371391764	0.13374429670968158	0.09200140575544039	0.11650381033915821	0.10994788224797973	0.13097379350316696	0.0979060970173367	0.1195780722422613	0.16861982394461655	0.21982086161576214	0.149822308376551	0.20566698664928243	0.2208145786454299	0.15209070078818324	0.22591284689142396	0.23474115858500405	0.19350119862042672	0.2611662806304802	0.11256641202183919	0.08456882117644987	0.12118529466805555	0.1280445416390672	0.11936655409328187	0.1453013299372922	0.180321686416115	0.16730943671189433	0.2022850323025887	0.21215956355986057	0.20001647860436833	0.23258444561172603
CEBPB_HUMAN	11	6_CEBPB_HUMAN~CD~CEBPB_HUMAN_PEAKS033926_macs_M_feature_compare_table_train_cut.tab	0.46671190631308307	0.2993542498379287	0.34082845274273216	0.4743555085226033	0.4998529763089014	0.4999361674074713	0.4746449076463211	0.3158315142822898	0.3359202925687879	0.3372154555986941	0.2981508173914042	0.39046563416693364	0.39728150460689166	0.40478853129815084	0.37310059078071045	0.5788912169008331	0.5082429803679194	0.5689356796163834	0.5875971058722268	0.5863329257804731	0.6116176676617586	0.34827047939654515	0.308741185414936	0.33990645619036025	0.37547385274574124	0.3776149716141301	0.37521866897509704	0.3741008332828074	0.35083726156113887	0.38279529263694684	0.39526454788324183	0.4017941736916289	0.4101756644947152
COE1_HUMAN	5	3_COE1_HUMAN~CD~COE1_HUMAN_PEAKS038643_macs_M_feature_compare_table_train_cut.tab	0.2965486917686755	0.18863388832834732	0.4741290827223869	0.3185034179391936	0.3424199497713879	0.24138179851193484	0.32946752927885703	0.2381701437258172	0.21913831579938506	0.14981558842191514	0.21786657992196556	0.5234581963236515	0.5300471485102116	0.39544821084905146	0.5049484770704186	0.4234575555443516	0.36171108614372394	0.4296472823991356	0.4413612524044589	0.4037350547351302	0.4716348885346516	0.2089740177047347	0.19238006360208815	0.20907417193163122	0.22179202009183158	0.22066694043369323	0.23194872438547473	0.49376644199543634	0.44470704803259475	0.4944138127583275	0.5252290901917485	0.48191418129027513	0.5410922020262656
CTCF_HUMAN	130	81_CTCF_HUMAN~CD~CTCF_HUMAN_PEAKS038082_macs_M_feature_compare_table_train_cut.tab	0.6616821721925118	0.8340355623443513	0.5887863489184154	0.6129918150090023	0.6257001213591075	0.6224440320773187	0.6220822398469936	0.7935744356545286	0.7968667144348619	0.7997313172668074	0.7912376836947583	0.5357015845950497	0.5487782473864021	0.547606556835549	0.5505103669227793	0.7803126793696652	0.6976552534784467	0.7203296130866894	0.7282724218423652	0.721486130715768	0.7329351299442494	0.8461864118008742	0.7952029468876326	0.8078597175753441	0.8103367270309711	0.8164965404658114	0.8121256429152992	0.5892561326270198	0.5627138976638869	0.5682346998478066	0.5661106566947667	0.5729812688575648	0.5620958190824451
E2F4_HUMAN	2	0_E2F4_HUMAN~CD~E2F4_HUMAN_PEAKS033080_macs_M_feature_compare_table_train_cut.tab	0.15117749294178492	0.09277514768326306	0.2080766160593389	0.19579890428800967	0.20132870442247147	0.19842058595900827	0.14323863436123185	0.15236532655071647	0.1371545972653405	0.17414797766707962	0.08274811172319034	0.2688392277891402	0.25943800541810336	0.25853573159247173	0.20707733232254247	0.34918921092704225	0.3004767190089172	0.334154586394931	0.3699430124263866	0.35940010398689143	0.41247866599857547	0.14906345371499669	0.11590197650716237	0.1363058486272777	0.16422486929151298	0.16621832940955197	0.20414550873380827	0.26743950047772275	0.24143733606483586	0.25333674872594253	0.29592328763646486	0.30553075990822215	0.32785235661583295
ERG_HUMAN	14	6_ERG_HUMAN~CD~ERG_HUMAN_PEAKS034771_macs_M_feature_compare_table_train_cut.tab	0.09578221798032699	0.07856889092013186	0.07914921657257891	0.09645388446389139	0.10257933172881598	0.09727505665345218	0.08708403278524404	0.07913830285626341	0.08269611556041187	0.07859300368922198	0.06956968623339485	0.10957925970970177	0.10677155247390287	0.10677203968321085	0.0786365317969189	0.16801948618581292	0.09722518471321848	0.1281833791470004	0.1443367943253045	0.13613277788623562	0.16120637106071276	0.0806044241793612	0.06148923097919374	0.07448146121452295	0.08534330862737613	0.08336481553717408	0.09001176619798262	0.07380649995869112	0.10398778819978695	0.08373462778073737	0.1015394330218444	0.105285697133473	0.10297793015397244
ESR1_HUMAN	181	84_ESR1_HUMAN~CD~ESR1_HUMAN_PEAKS038659_macs_M_feature_compare_table_train_cut.tab	0.5640398857834656	0.6041033434510028	0.46001074587173857	0.5244434849132937	0.4864942275631739	0.5355507271028411	0.5274531259465962	0.5685010221011557	0.5315339783737671	0.5816057724222947	0.5691678532551004	0.4609016757230842	0.40794433648088124	0.4688024267840329	0.46565678890630796	0.6587963411235732	0.55830956232837	0.5950670752292693	0.6103481070733031	0.6046990492441003	0.6327171465061985	0.6271307968076621	0.5682288290677183	0.589867066716256	0.6008279439648982	0.6057327124748234	0.6066724292470135	0.48879510505686247	0.4172068824441072	0.46976262215489417	0.4749872744903064	0.4761663984623939	0.49854206026886677
FLI1_HUMAN	3	0_FLI1_HUMAN~CD~FLI1_HUMAN_PEAKS033228_macs_M_feature_compare_table_train_cut.tab	0.07589323130358862	0.0691006853756839	0.1535081890752669	0.07372153719858235	0.10181519455434974	0.09564950465143222	0.08111533175987751	0.055730680286606236	0.09997313515119756	0.08293281155018817	0.07123842209320276	0.2088627252335817	0.20809575581701906	0.21706095910574025	0.1616551956819297	0.2232339803742127	0.1567236598373281	0.19899478278428945	0.2310606867115324	0.2123865802804297	0.25816299477736904	0.06757546785022708	0.07040114063077882	0.06416239639847658	0.11490227583291437	0.07949659698735144	0.09792843885468283	0.18151351593990359	0.14646876716348428	0.1615833279594449	0.19007011769895332	0.19481192588645826	0.20948809784341135
GATA1_HUMAN	8	3_GATA1_HUMAN~CD~GATA1_HUMAN_PEAKS033209_macs_M_feature_compare_table_train_cut.tab	0.31029206501611795	0.35051486175917207	0.23207935168314056	0.2825843965813239	0.2964576442851516	0.28700816186512074	0.2778867116115424	0.303139477357084	0.30328113723572675	0.3029696655661156	0.29477975945518553	0.2028519669892485	0.20556121219839724	0.2068994536883675	0.20270250916292035	0.3976102642329489	0.332500798867327	0.35527916250215785	0.37454101213798696	0.36637265546339437	0.38961292175622947	0.35607299107378676	0.3144717855838957	0.33211261123786323	0.33143947366318866	0.33940443509885615	0.33218353432995607	0.23494418764660768	0.20207784058306158	0.21465092411517567	0.22076627417473926	0.2194120168942682	0.22391361372969593
GATA2_HUMAN	15	6_GATA2_HUMAN~CD~GATA2_HUMAN_PEAKS033780_macs_M_feature_compare_table_train_cut.tab	0.23771351309350183	0.2182406459827873	0.11356945887277226	0.2054528428458728	0.20749852523565301	0.20114482951443474	0.21457013705180336	0.18528620180653246	0.17188189555615963	0.18054578824267473	0.1752311407631453	0.12574954354813542	0.14254474110840637	0.123367106376875	0.12731436220974135	0.3221001816448787	0.22705755062816035	0.26921873499870747	0.26479373595886885	0.2542684709304376	0.2915022445973691	0.23035255162453783	0.15232858530435534	0.17516539935045705	0.17899082778524336	0.18022224890752409	0.19360635495509962	0.1284231711111486	0.10760048055937642	0.1209408064186778	0.13013600330383682	0.11979879517272728	0.13377827518264476
GATA3_HUMAN	22	13_GATA3_HUMAN~CD~GATA3_HUMAN_PEAKS037813_macs_M_feature_compare_table_train_cut.tab	0.16384517255722086	0.12079433506752975	0.18004939534056616	0.13664790655323344	0.14857775439257134	0.13304311255258197	0.1638854564751309	0.10808864228870015	0.10563174563940024	0.09369057541205127	0.11755637017717221	0.12865760577971502	0.13083130947417768	0.11717042733209274	0.17671962333072547	0.2946152437093375	0.21327613658283373	0.24048043455590074	0.244348603140082	0.2413915862944799	0.2705690682258036	0.15677991561884366	0.12675419426592818	0.12948099215420913	0.14203190885586947	0.1365253531140963	0.1399189970494831	0.24519688523153893	0.18436095608015493	0.2068145022787383	0.19199847298545164	0.19430264168848202	0.2144424872539204
GCR_HUMAN	35	13_GCR_HUMAN~CD~GCR_HUMAN_PEAKS034495_macs_M_feature_compare_table_train_cut.tab	0.5084499026840527	0.4149732967651772	0.36034247245409917	0.5106889264387612	0.5241224591657582	0.5105448774966423	0.498436532297283	0.39580345318091953	0.3884532359401189	0.394103505136105	0.36829503646510414	0.3651595693151517	0.35640407924375944	0.35575486436151715	0.3607298591627007	0.649484843765728	0.5584264827587389	0.5958174561681144	0.6113981229825072	0.6111403259460598	0.6433057342445477	0.4163688482031536	0.3533339276743332	0.37912566051633156	0.39733546288336635	0.4091421385456929	0.4213500796085276	0.37400096673435324	0.34602862218603275	0.3636675275219235	0.3748967497402634	0.37443713895921754	0.37772284478321955
HNF4A_HUMAN	18	12_HNF4A_HUMAN~CD~HNF4A_HUMAN_PEAKS039452_macs_M_feature_compare_table_train_cut.tab	0.6408239783763134	0.48531093522530167	0.44882741691827205	0.622082851844266	0.6520695580669202	0.6584068301597331	0.6436288495074216	0.4729834210101152	0.5191950949774349	0.5258227123257389	0.4971770944338505	0.45392671906567494	0.4900872902149486	0.48657573646406205	0.48010197402849	0.7261024827169268	0.6702989501475075	0.7100918494956288	0.7214412851209188	0.7236953596994392	0.7337149669072666	0.5112979366674196	0.46812575828987046	0.5104531353599275	0.5350091083097225	0.5376136226033452	0.5481671070745482	0.4761936061228648	0.4473073329470385	0.4785541883097596	0.4947539726653394	0.4940433948266767	0.5037547708448101
IRF1_HUMAN	4	2_IRF1_HUMAN~CD~IRF1_HUMAN_PEAKS034605_macs_M_feature_compare_table_train_cut.tab	0.37164651610521865	0.4089557814436419	0.2803013313775489	0.01363654000392481	0.3179662996360171	0.3069009754197706	0.3308846544325596	0.010656921598098083	0.24222223084105154	0.2379941439413025	0.26749274498651454	0.014756100051461808	0.24022375568483315	0.2200214551842347	0.27490585158175473	0.5142904762830085	0.4739948566894986	0.5059640166439171	0.5232745171276899	0.5189323126635821	0.5419547391332021	0.46597366080550084	0.4189319338209948	0.4537772849896593	0.456225646419083	0.46458179445530906	0.4626618573968489	0.29946236171502305	0.287766118509855	0.29726882471168786	0.2963456884489929	0.2941800756508008	0.31049791733032367
IRF4_HUMAN	7	4_IRF4_HUMAN~CD~IRF4_HUMAN_PEAKS035175_macs_M_feature_compare_table_train_cut.tab	0.3162569623887355	0.2523448614724337	0.3943860406510927	0.24953611519457583	0.25804827447993156	0.28529524524411504	0.2807142803608326	0.17180600977589047	0.17086342602598736	0.20396880677989823	0.2266521759581805	0.3194591785349374	0.30863770847241556	0.3753476550202636	0.3811572431091247	0.47475172020087647	0.3791710736148755	0.42355514021515894	0.4196647913593123	0.4304209605783579	0.4543087103765965	0.30323069179426315	0.22102906453441898	0.267289090273921	0.254487245510437	0.2646526590344923	0.2735608390085823	0.43943614843577244	0.33829419700400354	0.3972211232280965	0.38774959119069297	0.4095974001215208	0.42764860228589996
JUND_HUMAN	17	9_JUND_HUMAN~CD~JUND_HUMAN_PEAKS033972_macs_M_feature_compare_table_train_cut.tab	0.28021381856066546	0.2512582894993138	0.20135692543118464	0.29953588170742623	0.3052535110549986	0.30113074962906183	0.280233495087488	0.22415290964996062	0.22259027685155736	0.22760479370591072	0.20011447930453158	0.21863408558240738	0.2213602651931481	0.2165600749238837	0.21861159321189053	0.39152074921683694	0.30582955236425546	0.33104160199956617	0.3530046207555563	0.34594889151389663	0.3790243162032822	0.26936838828996573	0.22652271104691996	0.21910378440183134	0.23683698232333436	0.2338486174870431	0.23521901199739984	0.23734467174267984	0.20178764997950885	0.22050744982083684	0.22249821146079846	0.2196322156004396	0.22110251158762995
MAFK_HUMAN	2	0_MAFK_HUMAN~CD~MAFK_HUMAN_PEAKS033440_macs_M_feature_compare_table_train_cut.tab	0.41838724460910465	0.383134247716145	0.6877074775444135	0.37838862877674256	0.4405586076604282	0.4200478403593674	0.4130520334968293	0.36450118306357926	0.4194401227315678	0.39292205391714896	0.4087967645743542	0.6627234744022694	0.7279047689976264	0.7112139117977657	0.7165474668916862	0.5590772387857198	0.5244035455496537	0.5444866337924336	0.572328206222969	0.5550596137320744	0.5896602437174192	0.42469298165911373	0.4183131405379505	0.44335516170093153	0.46385598012796575	0.4566038586141441	0.4848934719729972	0.7134161013148486	0.7009123458142317	0.7197441276954931	0.7383994711441678	0.7236100358978248	0.7450929041045656
MAX_HUMAN	24	14_MAX_HUMAN~CD~MAX_HUMAN_PEAKS034741_macs_M_feature_compare_table_train_cut.tab	0.3998022751531056	0.5072778269235295	0.1941183790117964	0.36150586514296235	0.4790560836114781	0.4051022825159839	0.35759858358213337	0.43218518902947284	0.5455444301834477	0.4775596624944351	0.4329441633057066	0.13565792532808132	0.2065250980636335	0.17357977797987817	0.17270064531227228	0.5267573093839741	0.402871931727685	0.44717273514922384	0.543720694647366	0.5163016775115112	0.568196514147301	0.5389658223007792	0.45751628919510706	0.47512000897521117	0.5790024855912839	0.5596188551626504	0.5932971129256811	0.21944983015180639	0.15769767885401473	0.1804910451321108	0.23189590394295378	0.22036336038353105	0.2463376753664016
MYC_HUMAN	76	49_MYC_HUMAN~CD~MYC_HUMAN_PEAKS038865_macs_M_feature_compare_table_train_cut.tab	0.42101558884133033	0.6015623872967513	0.2567290236835629	0.4471345608877534	0.47436260405277303	0.47283334963485646	0.3700971377236989	0.6044559414783757	0.6146729109081236	0.6091846022505808	0.5152591601597665	0.2823492675379186	0.2680165732625907	0.2941153999641236	0.22249970196328656	0.5637188174253618	0.44406828118060815	0.48615125787941216	0.5493192047814717	0.540191490527752	0.5714077432823095	0.6273974707601145	0.5516975862153117	0.5827733645844899	0.6382678558963316	0.626581370905595	0.64432511780813	0.30661009161504094	0.243287812914769	0.26250447949219785	0.2996451836524877	0.3090154161165113	0.3183748945713398
P53_HUMAN	15	0_P53_HUMAN~CD~P53_HUMAN_PEAKS033235_macs_M_feature_compare_table_train_cut.tab	0.27406547257843544	0.42253704260688196	0.4353144144961023	0.14338751842268377	0.3370264165543896	0.17172404241694963	0.3144666249694949	0.07396205991092179	0.24661638819596013	0.1134753062120733	0.2594656074821704	0.34426890164224194	0.5389145467481482	0.36453994250150623	0.4802677089555976	0.7438256316625972	0.6281417275448203	0.651512230703523	0.689978069047263	0.6617135512278547	0.7086145669844758	0.6261657652812657	0.4794325287579408	0.5432141836399978	0.5669842607813073	0.5361214490978974	0.5866943864889276	0.6280989953493178	0.5988487528559662	0.6101529611425722	0.6254213904237165	0.604503968451108	0.626604375297567
PPARG_HUMAN	12	4_PPARG_HUMAN~CD~PPARG_HUMAN_PEAKS034856_macs_M_feature_compare_table_train_cut.tab	0.3033967243798781	0.27890627318932437	0.3041272247766193	0.23298679466967626	0.2316348038888931	0.23039922154091158	0.21279970281199506	0.19999599087493866	0.17338541840534524	0.178862336466517	0.17081161977624645	0.2581468579664154	0.2515632136142107	0.25004478867287294	0.23518054284946602	0.4687175392243772	0.3929637342802509	0.4076039241284587	0.42594255308574286	0.4212536956094283	0.45019460287991864	0.28971486026751747	0.2517591198856623	0.2559323417583115	0.25594866663697363	0.26296317082585124	0.26508187594821814	0.3149831073297609	0.2921978261479779	0.3005784945408446	0.3121650078222581	0.30831813505349326	0.3161908961242415
PRGR_HUMAN	10	4_PRGR_HUMAN~CD~PRGR_HUMAN_PEAKS038038_macs_M_feature_compare_table_train_cut.tab	0.07916684708377077	0.05748737555466038	0.15699334630245637	0.07383851196819122	0.09080997616041941	0.084356502931978	0.07012449650323893	0.05527898291991713	0.06244118290585831	0.06336680105047933	0.06628404726795771	0.11590560501625938	0.153344699403869	0.1563228199550532	0.11748302226241425	0.22859302351870242	0.15389256795051073	0.17707271134980088	0.21221716759900675	0.1993573433535161	0.2412124986154169	0.06756000836420688	0.06426658982351695	0.0760370730421371	0.07443370855126746	0.08081392759788299	0.08642942876620491	0.18164183053395902	0.11046187837311758	0.12037996377383632	0.1542849310728503	0.15366759900529245	0.17785031071020022
REST_HUMAN	53	34_REST_HUMAN~CD~REST_HUMAN_PEAKS036956_macs_M_feature_compare_table_train_cut.tab	0.9017174131639789	0.9565888376390402	0.804222210306062	0.8364863826241777	0.8566089936077967	0.8471687833554635	0.843014711526212	0.8997222477269533	0.9238990850518918	0.9112429745366805	0.9152994147704169	0.7203857435740404	0.7400135112041314	0.7414810183396511	0.7459282909782816	0.9559368183786676	0.9041264601702409	0.906315084136944	0.9227313704094281	0.917129596568687	0.9270355802927764	0.9753589331865685	0.9446525074997528	0.9422944562969875	0.9557096379879628	0.946343147954882	0.9471637576389456	0.8413548434025612	0.7896682891809286	0.7920279054639772	0.8001131578233719	0.7952939466469335	0.7955775958986682
RUNX1_HUMAN	14	4_RUNX1_HUMAN~CD~RUNX1_HUMAN_PEAKS034469_macs_M_feature_compare_table_train_cut.tab	0.2266562686702434	0.17443862758451822	0.10503090455639322	0.23906464746921735	0.2566710533530179	0.2627923038605747	0.23024295026809258	0.18825968435385193	0.19824600831693417	0.19949466171793034	0.17670429349837238	0.1303228892720484	0.14170236098090855	0.14459306099129193	0.12075741528084465	0.3328484964737781	0.258459903796677	0.300501739581165	0.33037248456171336	0.3359561277589201	0.35232138852817557	0.20037373780792192	0.17019992559532546	0.1908654859210718	0.20221695625731662	0.20925220010902568	0.21649553426907214	0.12927876437368796	0.10457556846426042	0.11916076823791658	0.13583108045449602	0.13655920173403224	0.1441385863957203
RXRA_HUMAN	3	3_RXRA_HUMAN~CM~RXRA_HUMAN_PEAKS033274_macs_M_feature_compare_table_train_cut.tab	0.0882981068916019	0.047221010498277934	0.12680084177497672	0.11239505276732399	0.09512131420264126	0.11004396193113529	0.1180193311849653	0.06184338550411583	0.04696068329470488	0.06711433803566245	0.060752843838779526	0.14169903252927174	0.12685931325212987	0.12547019835921783	0.1396430724527485	0.22070789118782563	0.1892522930283012	0.2112187228883288	0.2288518907142866	0.222994961592201	0.25938560701913194	0.08348952244277429	0.08334178632344598	0.08672641037388595	0.09774152374131462	0.10348072844761505	0.10938650132319866	0.1475821123928494	0.13439073940040555	0.14800061767241535	0.15849295729788643	0.14717334105939753	0.16364614596959992
SOX2_HUMAN	8	2_SOX2_HUMAN~CD~SOX2_HUMAN_PEAKS034976_macs_M_feature_compare_table_train_cut.tab	0.14647137418427203	0.09134668610427085	0.11903350514028273	0.20876894705051696	0.21713851306007761	0.20553070339526663	0.18104344607007802	0.13198266820071305	0.15020590681103693	0.13076473326501165	0.10152687238280045	0.14147159679266608	0.15407432859837855	0.14173031327899346	0.12936364437357145	0.30467182573080864	0.200344084827051	0.2900800671225142	0.33015062634516135	0.3230242053534209	0.34506143259931155	0.15102698123049688	0.094176055791395	0.14211131829271667	0.17349348891369726	0.1708564273038153	0.18007691832365566	0.18134380676674408	0.14599004084772585	0.17456851247698063	0.19387813418191674	0.1892780877203954	0.19323457173247136
SPI1_HUMAN	20	10_SPI1_HUMAN~CD~SPI1_HUMAN_PEAKS035176_macs_M_feature_compare_table_train_cut.tab	0.5863249224438382	0.5777964952193713	0.36627274157111966	0.47697538620893476	0.5242752848082166	0.5190302339825517	0.5042070450004609	0.48374438589296137	0.5462385672037084	0.5412661718092223	0.5094501100894967	0.41508283884371283	0.42962086040349623	0.42995966350224424	0.43715745098256464	0.7233601319726836	0.6232883707690343	0.6743014295597337	0.6888364823648492	0.6893725157858658	0.7029022485953741	0.672687874466641	0.5791261484538893	0.6221946476468386	0.6419965675615302	0.6387326734257789	0.6459509682585813	0.4734917898273885	0.44875241083915907	0.4720782898907888	0.4758495978611699	0.4806026028883521	0.4814669495776536
SRF_HUMAN	10	2_SRF_HUMAN~CD~SRF_HUMAN_PEAKS033584_macs_M_feature_compare_table_train_cut.tab	0.2363991502355914	0.13404475338781527	0.06153836920981545	0.40014927990884186	0.4279260727528841	0.43727700692095467	0.38880604205833763	0.30126789523161135	0.31721973585490615	0.2965727969103102	0.28721300588515786	0.2371627250890465	0.20887841703884846	0.22296576589505246	0.22166516159506172	0.543030021230961	0.4384353266942855	0.48541048818232724	0.5222936028007128	0.5296328369876003	0.552647554939646	0.3732006576326995	0.2944545820531692	0.3234014575884155	0.36830230515872464	0.3488306518433645	0.3546440759454402	0.2536580871153138	0.1910289416096267	0.22791051077301266	0.24480090388218134	0.24257307793659277	0.25864461114963516
STA5A_HUMAN	6	3_STA5A_HUMAN~CD~STA5A_HUMAN_PEAKS035025_macs_M_feature_compare_table_train_cut.tab	0.05933756535362948	0.05721619524930205	0.21274748595014165	0.011033830702648541	0.08448036962625867	0.026605391107041184	0.07709977281061488	0.010764520532811695	0.07991900450443576	0.01882207581923572	0.06973715518389205	0.03678689612528801	0.2706120352680024	0.08029385272623149	0.26623875457093465	0.18893493823410792	0.15429488447832213	0.17039967003882006	0.18024100356719783	0.16454843924272264	0.2040589056458571	0.10002754272610218	0.09141346311328934	0.0949005128498762	0.10081008269196214	0.07983497389443857	0.08223977569517626	0.27962209570953567	0.2701836071600376	0.2752712215413589	0.2905083812169139	0.27626099859703585	0.2871024053156417
STAT1_HUMAN	8	4_STAT1_HUMAN~CD~STAT1_HUMAN_PEAKS033724_macs_M_feature_compare_table_train_cut.tab	0.3881749472820051	0.36194796446473254	0.14066719393034988	0.3590029494537762	0.3791617921057793	0.10162079411501043	0.3712229443406515	0.2973723239496469	0.2786373866574876	0.07315048665430701	0.30332754492493263	0.14189251264570757	0.14822606489603996	0.06088348504091573	0.14810564602670664	0.544138699786965	0.4536156340463642	0.5040246491758855	0.5245570510859594	0.4986347605870772	0.5540822038837737	0.4118077444516369	0.3435823907328878	0.3722495352702968	0.3948513647161774	0.3929648961783669	0.4152874019275263	0.18787807468345646	0.17259211188544196	0.1850948212801368	0.1871782562910066	0.18438306898338483	0.1871628945705619
STAT3_HUMAN	1	2_STAT3_HUMAN~CM~STAT3_HUMAN_PEAKS033517_macs_M_feature_compare_table_train_cut.tab	0.06962832901791839	0.08672130757821894	0.14066938723412584	0.08759876424452132	0.08906370669737174	0.08691423439359522	0.08014541795224284	0.08958914507679536	0.088738125404876	0.07598800458959978	0.08347238953622058	0.16752121403408746	0.1654697796930275	0.167918049208311	0.16058020038739576	0.19233619115479905	0.14442694563002503	0.17405633428615128	0.18594630928498582	0.19441006228932242	0.21069645191768208	0.08834170779571665	0.06542954366925614	0.07682008839853303	0.08821276876265999	0.08270949302483879	0.0942762891916397	0.15321918889016328	0.1403390469421467	0.1610803202940866	0.16787849812842173	0.1729040482626636	0.1813422770200385
TAL1_HUMAN	14	1_TAL1_HUMAN~CD~TAL1_HUMAN_PEAKS033184_macs_M_feature_compare_table_train_cut.tab	0.16151288258172952	0.14735775198356596	0.3107394022998347	0.10134721518387026	0.1126891571473261	0.1031869204263251	0.1157264726765696	0.10470777828626222	0.10384182848597998	0.09703896806698194	0.10905996844920526	0.1613283213898758	0.19305757220436573	0.16734400036362174	0.19163438703994143	0.24060721507747418	0.1736944773571616	0.1778069727097113	0.17988823418114358	0.18034677366772853	0.1906658522963511	0.14823321169418072	0.14064922292765666	0.14474449730034677	0.1411963409651591	0.1396803553021802	0.1409648070184471	0.327153394985514	0.2653815689779504	0.26792529532585296	0.2738800647782665	0.27105118175253873	0.27497733929037393
TF65_HUMAN	32	14_TF65_HUMAN~CD~TF65_HUMAN_PEAKS033878_macs_M_feature_compare_table_train_cut.tab	0.14526526097524067	0.153379679553025	0.15215448599396572	0.17882463893283457	0.17595491654095508	0.05718069222137252	0.16592981023435857	0.14770563053099361	0.1273753664276331	0.04106566787031844	0.12791161031515733	0.18677231344079037	0.16961223578198892	0.08916657404261674	0.18218233451806512	0.3268285487495721	0.25187265061520236	0.28109317162115166	0.27901576023954544	0.2679792074543595	0.3088845950212726	0.19479460312944988	0.1627006185632161	0.17755882708903867	0.17604148266921427	0.1572550277669201	0.18062671607338485	0.1963944280559768	0.1687277286670216	0.18494997837888072	0.17688742410224484	0.1744632182921802	0.19188704537417062
TFE2_HUMAN	2	0_TFE2_HUMAN~CD~TFE2_HUMAN_PEAKS033772_macs_M_feature_compare_table_train_cut.tab	0.047773330446964135	0.02979253179251779	0.16722189024050452	0.05476747268322212	0.05810782199339051	0.06080375017464636	0.048976185737942414	0.04917119803112095	0.03577593603004526	0.04721595377660106	0.02971235669633307	0.15588598324817332	0.139840350632867	0.15750209699793688	0.16178584344497554	0.14820474615473325	0.10004934816107644	0.131102442766984	0.15189157481103485	0.1424577850051587	0.19132481071889482	0.060579975601084246	0.03649522508143464	0.03704950608253842	0.04373277111082449	0.0523053791101205	0.04992536055169324	0.20370439322769948	0.1850577111303621	0.20395828913763436	0.19967062949095107	0.19256117635929307	0.21273929365023253
USF2_HUMAN	4	1_USF2_HUMAN~CD~USF2_HUMAN_PEAKS033521_macs_M_feature_compare_table_train_cut.tab	0.680824059755722	0.6224121685542722	0.4404917744262067	0.694962710176202	0.6976349071166937	0.6999520662440949	0.671957891401551	0.692170581990408	0.6651909380776003	0.6805022539844569	0.6410676181820507	0.46856151505594645	0.4674823200106057	0.47776033937513074	0.47364688562947754	0.7706049708949178	0.7459126301319727	0.7540604152330871	0.7699722771700342	0.7689129349682423	0.7849794699117837	0.6732097076565534	0.6575723081297771	0.6705230500885354	0.6922467589019795	0.6877867782211174	0.6932533845172106	0.46204682170981465	0.43929086695635183	0.4587914395194963	0.46124412727653474	0.4613237551208691	0.4821685292753254
