ANDR_HUMAN	180	100_ANDR_HUMAN~CD~ANDR_HUMAN_PEAKS039178_macs_M_feature_compare_table_train_cut.tab	0.8800389417303837	0.8866636853106442	0.912927468268447	0.8539562838249175	0.8310028486933598	0.8496773928074751	0.8480151370869101	0.856432747418427	0.8383668250860786	0.8591548727063084	0.8456967232033555	0.9111604428832046	0.8956934196328067	0.9088680182820323	0.9256869937507278	0.9478894631018671	0.8884646321915475	0.9271781719325093	0.9213053569733087	0.9260042053203907	0.9331636025736258	0.9382671286599236	0.8837273848741611	0.9160400207801073	0.9110472455229834	0.9199529776116415	0.9195336581643125	0.9489329369638629	0.8903408787796452	0.9412505467142802	0.9309773741412103	0.9364385021154369	0.9447323574506075
AP2A_HUMAN	2	1_AP2A_HUMAN~CD~AP2A_HUMAN_PEAKS034171_macs_M_feature_compare_table_train_cut.tab	0.8933310511371406	0.90418046372093	0.8993355584091924	0.8613236154083923	0.8857291312201258	0.8659147048953664	0.8790013149061076	0.8775525612179482	0.8908119988027979	0.8715315242390946	0.8818960163051326	0.8817761390017896	0.9131083508561889	0.8715051974326706	0.9138621384778726	0.9161419468274583	0.8928801254516853	0.9171687883730725	0.9232650465499818	0.9208655552869737	0.9344970796501458	0.9086276746548425	0.8802325250220728	0.9080396665622362	0.9171818982648066	0.9084032492343853	0.9257998044303472	0.8985891776935603	0.8979113321270885	0.9108961663049479	0.9199224533894218	0.9082057356394397	0.9208141927186945
CEBPB_HUMAN	6	1_CEBPB_HUMAN~CD~CEBPB_HUMAN_PEAKS033863_macs_M_feature_compare_table_train_cut.tab	0.9406920905884247	0.94318367716896	0.9256179101869073	0.9049384803216065	0.9084175251620961	0.9095094906108669	0.9057455452234706	0.9072535874869735	0.9086898310710592	0.9078027606984278	0.9079435434622053	0.9296232654689829	0.9331069031696411	0.9331102523643703	0.9301376658686505	0.9527446841260471	0.9423371169580087	0.9496639919793531	0.9516182811226954	0.9515705011928517	0.9543401068931703	0.9480609924170124	0.9388863165008491	0.9449740114832785	0.9475468064552531	0.9478485058634801	0.9496004005234118	0.9307205809030114	0.9242089829580679	0.930208830114888	0.9324279417777953	0.9330681612981943	0.9349243477371955
COE1_HUMAN	5	3_COE1_HUMAN~CD~COE1_HUMAN_PEAKS038643_macs_M_feature_compare_table_train_cut.tab	0.9423754037070848	0.927123424488726	0.9532208128193075	0.9346842229492376	0.9376396650853804	0.9230586825624385	0.9348942232578012	0.928941512041592	0.9278610249322081	0.9068223403859466	0.9190770537654644	0.9592839471047391	0.9601836559395835	0.947195207604003	0.9579594164017369	0.9572249847217649	0.9483274611098429	0.9553263200025417	0.9584589333010943	0.9553584783058455	0.9612660770138672	0.9312481853456406	0.9201692419505159	0.9290659911697137	0.9361402696356748	0.9274806647249403	0.9388607132923054	0.9566226844406784	0.9500175959314192	0.9573645055295092	0.96000437783743	0.9553430216232264	0.9641932377936392
CTCF_HUMAN	101	52_CTCF_HUMAN~CD~CTCF_HUMAN_PEAKS034036_macs_M_feature_compare_table_train_cut.tab	0.978203253408408	0.9737303023317546	0.977760477109634	0.9665646325426701	0.9711165079013606	0.9686182899440104	0.9695925884920761	0.9581196431814689	0.9608472987132738	0.9590082163264736	0.9595997226762787	0.9729070444108903	0.9756881219159103	0.9741384229697545	0.9746240050746408	0.9848555031609961	0.9775917705645507	0.9801866856311373	0.9811310986438672	0.9804874204102291	0.9818858577619515	0.9761435468097294	0.9665676523184822	0.9694783869119968	0.970188320270478	0.969909570811853	0.970531556226162	0.9786589158014353	0.9756934040565993	0.9767997233853769	0.9776898647281331	0.9772113396429072	0.9776966977475444
E2F4_HUMAN	3	1_E2F4_HUMAN~CD~E2F4_HUMAN_PEAKS033317_macs_M_feature_compare_table_train_cut.tab	0.8524113814010982	0.7956979463084287	0.8762945333012774	0.8613938609531936	0.8799264726609	0.8623404092178658	0.8449073900770464	0.824317892711778	0.8513615407599923	0.819893812721885	0.7949651952654733	0.8915120917421797	0.9086342787385803	0.8843559346174777	0.8500317574461443	0.9126539292672158	0.8923541573909689	0.9065579555728225	0.9188203201731773	0.9182912850807287	0.9324919460019856	0.8381261075449085	0.8145556217325127	0.8242446969864083	0.8592872758422689	0.8529762752266227	0.8740677571827066	0.8970090550371849	0.8811377534140848	0.882705519228738	0.9123924386204341	0.9080334381509441	0.922192075349133
ERG_HUMAN	14	6_ERG_HUMAN~CD~ERG_HUMAN_PEAKS034771_macs_M_feature_compare_table_train_cut.tab	0.7595148662317159	0.7554783031700689	0.7774181792836632	0.750640669503655	0.7560571729544601	0.7523395861408023	0.7470929533074562	0.7482439780855741	0.7501226190057345	0.7486560596181595	0.7341955807456154	0.8185220606507916	0.8170727728641672	0.8165414493464599	0.7790864458528646	0.8058412371980975	0.7719126532745318	0.7894691064392327	0.7965283537189164	0.7947308707105466	0.8020938560707866	0.7649264429885079	0.7367976728084288	0.7538842342895368	0.7629633375853414	0.7616153551672437	0.7709397321570346	0.7924499053764301	0.8285007955806338	0.8132390903329592	0.8322245593973762	0.8309174891208394	0.8272412777667817
ESR1_HUMAN	181	84_ESR1_HUMAN~CD~ESR1_HUMAN_PEAKS038659_macs_M_feature_compare_table_train_cut.tab	0.8975277032835696	0.8593224621046647	0.8792397953815833	0.8681687109473287	0.8796879238132181	0.8780046383565377	0.8681223567369789	0.8308882688726702	0.8366783147329193	0.8366907958327942	0.8246031532012791	0.865248899982345	0.8778603145120901	0.875405805628718	0.8617617741162567	0.9200357179925354	0.8893122897970309	0.8987902585863458	0.9106181697139981	0.902883525276776	0.9132032429443093	0.8669304904231403	0.8389665032502706	0.8470674282757337	0.8601617891276558	0.8537495660346237	0.8621536800231783	0.8887166474502867	0.8515250726919626	0.8634540606613077	0.8839398337542922	0.8717972382458807	0.889392968246133
FLI1_HUMAN	3	0_FLI1_HUMAN~CD~FLI1_HUMAN_PEAKS033228_macs_M_feature_compare_table_train_cut.tab	0.8729613558652	0.8698968073326772	0.8126717789215121	0.8580242294335994	0.8796516638449686	0.8779749488354173	0.8785648942669542	0.8489526943897637	0.86513671875	0.8736257381889764	0.8772396345964567	0.829538704172406	0.8363118549530782	0.8351501106037063	0.8195423306847252	0.9283713784358535	0.9164547260920834	0.9313946892089344	0.9330677874447914	0.9320286458121321	0.9414736872054688	0.8779598302165355	0.8676513287401575	0.8820623154527559	0.8870804625984252	0.8899287955216535	0.8933709092027559	0.8235008115462127	0.8097484937878716	0.8192023138566766	0.8313719332917155	0.8321931637749113	0.8386316414811397
GATA1_HUMAN	9	4_GATA1_HUMAN~CD~GATA1_HUMAN_PEAKS033230_macs_M_feature_compare_table_train_cut.tab	0.914206411455624	0.9176898705554796	0.8995970346245018	0.8958086807229203	0.9027467562124473	0.8975172096841161	0.8974156717842502	0.9019395199471146	0.9060275854081706	0.9048332101330502	0.9021868349036606	0.8877957287364322	0.8903661701939051	0.8893442719858692	0.8890289941624916	0.9346615007230158	0.9120150730890192	0.9208028357489536	0.9248417934131594	0.9222899360023671	0.9290337526665681	0.9238745676123312	0.9023093744805818	0.9094578885376924	0.9134059102176049	0.9138140845828855	0.9145474718415701	0.9055837943476633	0.8812776188349936	0.8927630590448549	0.8962283728191422	0.8953901727613582	0.8996661009186361
GATA2_HUMAN	15	6_GATA2_HUMAN~CD~GATA2_HUMAN_PEAKS033780_macs_M_feature_compare_table_train_cut.tab	0.8694269784529239	0.873019345259764	0.8108541060907035	0.8585560938771384	0.8642667099221358	0.8566905746997647	0.8607510055040395	0.870401200277952	0.8714760876469471	0.8674881072179739	0.8684414450614012	0.8277002605152209	0.8337774364859121	0.8258641180506779	0.8253324408809588	0.9018283018533582	0.8706096453566569	0.8818261309919008	0.8857631548091123	0.8801521494786568	0.8913010193587068	0.8927072987042597	0.8681503091801926	0.8752885548428347	0.8786176522560112	0.8771250708883666	0.8812255203104435	0.8341290593541322	0.8135049776772565	0.823291452930245	0.8301712208237279	0.8238643932394453	0.8346726422074936
GATA3_HUMAN	24	15_GATA3_HUMAN~CD~GATA3_HUMAN_PEAKS038393_macs_M_feature_compare_table_train_cut.tab	0.8140111079185535	0.8133518282655667	0.8391150070594987	0.7956363579317935	0.804977088779013	0.7860365374659812	0.8081410759973017	0.7937667675674798	0.8075826811395271	0.7898432780349209	0.7951960686190008	0.8168740045780768	0.8227575914881685	0.8055937077530577	0.8345136915145804	0.8606834253533034	0.831098772878342	0.8432018824255716	0.8485309958031628	0.8451906585015825	0.8552486405778875	0.8330222587141984	0.8095092827567899	0.8147625808443549	0.8260255589102804	0.8231462278544909	0.8267555807406994	0.8553846127384007	0.8296108846709426	0.8401230248892164	0.842677107007653	0.8417754670192612	0.8480256773368897
GCR_HUMAN	35	13_GCR_HUMAN~CD~GCR_HUMAN_PEAKS034495_macs_M_feature_compare_table_train_cut.tab	0.9295911456727995	0.9167054919177975	0.8425032004082105	0.9152924807074357	0.9189760138301054	0.9184307333400598	0.9131166388215342	0.897478048082783	0.8938496076017064	0.9025447640842589	0.8925461114635026	0.842038614587746	0.8414843355027535	0.8424734628567028	0.8385459221319367	0.9481298492543401	0.9300947407114676	0.9392657623642382	0.9418568408771845	0.9431947798103482	0.9464883503005401	0.9235031756692329	0.9031259198454452	0.9108913535564593	0.9148278567549304	0.9170406058646237	0.9168752927958741	0.8492382086879501	0.8360953179034929	0.8429337809527477	0.8473005863210998	0.8469100593060422	0.8508795505834328
HNF4A_HUMAN	8	2_HNF4A_HUMAN~CD~HNF4A_HUMAN_PEAKS033346_macs_M_feature_compare_table_train_cut.tab	0.9521583203216795	0.9484576148052623	0.9334171178797122	0.9406675832267161	0.9410812749680149	0.9444819003107131	0.9438363487297319	0.927021078024255	0.9316039551784449	0.9352888050663745	0.9333249101060257	0.9326870909893606	0.9392272433558575	0.940732087267765	0.9379865280068302	0.9622464513433772	0.9531658805712943	0.9607329076477192	0.9609411109950652	0.9623039100237604	0.963968664455991	0.9528776602786813	0.9403249580288328	0.9494864462119581	0.952728037785735	0.9536546006898072	0.955441443551871	0.9371347491206818	0.929234253455246	0.9372784191246224	0.9394444812752667	0.9407145647557612	0.9428004659291583
IRF1_HUMAN	6	4_IRF1_HUMAN~CD~IRF1_HUMAN_PEAKS034607_macs_M_feature_compare_table_train_cut.tab	0.8526695019881869	0.8205354597506568	0.8014381275352276	0.43995521195133774	0.7700858033648005	0.771585175936776	0.8000280837029543	0.424785815447382	0.6820355050893498	0.6980685281842495	0.7429621736130546	0.4373556581532013	0.8034789489622981	0.8051589062171115	0.8016896216450962	0.8788821571303811	0.8639115323559257	0.8599126217004356	0.8657008888402733	0.8661568927362323	0.8703165684717373	0.8485827255012861	0.8234607078794299	0.8151281628087462	0.8274076748730789	0.8298271519407244	0.840407376311805	0.8088052228199698	0.8097683430020309	0.8069817039298323	0.8089905565630872	0.8122802934957822	0.807801224340653
IRF4_HUMAN	7	4_IRF4_HUMAN~CD~IRF4_HUMAN_PEAKS035175_macs_M_feature_compare_table_train_cut.tab	0.8107993868598946	0.780775503887185	0.8121069942307121	0.7648513686355041	0.8341955489630365	0.7763423125338376	0.7697065297323129	0.7451383731822336	0.79170031154539	0.7518601027183716	0.7333478613874751	0.8029556711538905	0.8418168668379751	0.8165481982932936	0.8116523237134554	0.895502955276122	0.8734668513508335	0.8845851287775132	0.8879671427718485	0.8890048121169645	0.8964497137779776	0.8522016288011685	0.8235157107007077	0.8382933729681141	0.8401900383520435	0.8448272158405761	0.8475182220861149	0.8540203079592422	0.820856748483459	0.8458010166349449	0.8391599362706452	0.845673669253885	0.8585350414141847
JUND_HUMAN	15	7_JUND_HUMAN~CD~JUND_HUMAN_PEAKS033899_macs_M_feature_compare_table_train_cut.tab	0.8551543187057893	0.8558352297653022	0.8444919950633922	0.845055411224555	0.8468543948994489	0.8443062717213377	0.8347048783605091	0.8454758533385305	0.8467199155373892	0.8466885821562546	0.8307482229367404	0.8518706477425126	0.8631060635753732	0.8508522718267482	0.8493643023031849	0.8808286377556789	0.8596942363183223	0.863216769487143	0.8683532854214493	0.8661073470350835	0.8708779434102316	0.8697841440606722	0.8524255388327882	0.8514637253107852	0.861366521854745	0.8602303331664426	0.8627856082814419	0.8597817685360944	0.8439964312485754	0.8488236677026155	0.8591280481585919	0.8509013252016605	0.8595411805653195
MAFK_HUMAN	2	0_MAFK_HUMAN~CD~MAFK_HUMAN_PEAKS033440_macs_M_feature_compare_table_train_cut.tab	0.8741140921213514	0.8540467732519795	0.9479057284509975	0.8170770298627548	0.8667578151685472	0.8574445906765434	0.8496485585062903	0.821445017027958	0.8536768317992356	0.8528099412203538	0.8542254769754077	0.9225229938024802	0.9572107866842308	0.9550324739786425	0.9526691006643464	0.8869095499957323	0.8840700235590062	0.889647646294467	0.8930063590145654	0.8905565538046643	0.8962156773141743	0.861580679082756	0.8606242214660935	0.8722711102245857	0.8741544925427507	0.8691517027850454	0.8691079682494803	0.9441792527498747	0.9434141727020128	0.9482226174582985	0.9538583367464207	0.9549757149198926	0.9573701729197512
MAX_HUMAN	24	14_MAX_HUMAN~CD~MAX_HUMAN_PEAKS034741_macs_M_feature_compare_table_train_cut.tab	0.8970726278841259	0.8978638973920324	0.8568580448336152	0.8827310680588605	0.9201528870855087	0.9037701868096744	0.871433071113163	0.8866047459809943	0.9208323871734411	0.9026502165989908	0.8637175401799583	0.84043728435622	0.8809501093948089	0.8626683372439594	0.829713232768813	0.9232348181624462	0.8630366036864723	0.887920089438979	0.9286129772347906	0.926430762924554	0.937934666927111	0.9114261199822137	0.8528355428924361	0.8739873089876151	0.9230045520103377	0.9178918022687124	0.9304654480313478	0.868797619679313	0.8173307325677048	0.8326186743138105	0.8795619031140575	0.8770719446127209	0.88989200546834
MYC_HUMAN	76	49_MYC_HUMAN~CD~MYC_HUMAN_PEAKS038865_macs_M_feature_compare_table_train_cut.tab	0.8874620145450948	0.8980845180329705	0.8847224527423814	0.9026968036836266	0.9034608533404952	0.90778897633065	0.8542864736979737	0.9075657964452373	0.907062404495824	0.9101293841384828	0.8579383823622223	0.8949831146448333	0.8825581340684737	0.9004374284677608	0.8463214149086793	0.9224220639475302	0.8870729760196762	0.8965680640464765	0.9233342626032751	0.9210312334353422	0.9303518548882967	0.9134431205877421	0.8836997728114627	0.8936928058536873	0.9169381987314662	0.9126570139548305	0.921960737062728	0.9037812951328499	0.8775013663594379	0.8836821424768395	0.9026430157716017	0.9038070258363997	0.9078041124875275
P53_HUMAN	24	9_P53_HUMAN~CD~P53_HUMAN_PEAKS034635_macs_M_feature_compare_table_train_cut.tab	0.8808766316761513	0.9245406093881386	0.8635708747684295	0.6597292499954938	0.6638629280902092	0.6645717721595105	0.7189158246812852	0.4587545959670904	0.48297307546454304	0.477178241084236	0.5318725165289938	0.873213806188612	0.8947043893530009	0.8846640130728093	0.8819054799189067	0.9196423813037895	0.8975376668972165	0.9075062781622146	0.9152733255543343	0.9114349380942358	0.9147721863284393	0.9413981220425054	0.9129371321165356	0.9186532373744869	0.9275063477931114	0.9229854000758437	0.9273851626518936	0.8822509666975428	0.8871831798996819	0.8877340565905834	0.8929241016812891	0.8966912269740291	0.8971316467283024
PPARG_HUMAN	9	1_PPARG_HUMAN~CD~PPARG_HUMAN_PEAKS033301_macs_M_feature_compare_table_train_cut.tab	0.894395172185158	0.895876589252915	0.8591648591768766	0.8535201965522637	0.8590448941004694	0.8583258504689939	0.8489249635677807	0.8514323010294651	0.8525527671000728	0.8462255891863649	0.837495060626913	0.8410056451279818	0.8437826855707458	0.8407761332872747	0.8302938667502732	0.9207855264074439	0.9029700068950137	0.9098436215470559	0.9149693552669279	0.91271126079358	0.9173683815165573	0.8995385343408784	0.8860506279213605	0.8871063582435743	0.8951967534242191	0.8925408001255482	0.894589553662782	0.8667906049705812	0.8577757910388357	0.8576984838187641	0.8677027051331634	0.8654421419908609	0.8669505314894848
PRGR_HUMAN	11	5_PRGR_HUMAN~CD~PRGR_HUMAN_PEAKS038039_macs_M_feature_compare_table_train_cut.tab	0.8636217534462097	0.8312616987764792	0.8627328810228695	0.8416112742665451	0.8640708696942571	0.8556515838975294	0.8560383766313548	0.8113414216581446	0.8264215440102265	0.8264162938276114	0.8149681565010957	0.8479150139342368	0.8733555543631492	0.856960210741678	0.8461689597509638	0.9122882602817177	0.8847496508181174	0.9084482069922541	0.9176945292799513	0.9148359450170176	0.9334201933238977	0.8564237696311177	0.8224337449780862	0.8364270795288532	0.8530807729181885	0.8595045996165084	0.8620207496347699	0.8812631296003828	0.8273954241749941	0.8487325091369246	0.8709990287474143	0.8637353384498884	0.8828529104247996
REST_HUMAN	53	34_REST_HUMAN~CD~REST_HUMAN_PEAKS036956_macs_M_feature_compare_table_train_cut.tab	0.9816145795323358	0.9862440180621431	0.9531544154922594	0.955975619213618	0.9683420076057677	0.9644068651108043	0.9513829904701542	0.953963560225588	0.9696185802237477	0.9607290711661318	0.9586905233848826	0.9302691939662118	0.9413563092626335	0.942741674878221	0.9293123607134446	0.9893094503927383	0.9786816744007063	0.978740113181067	0.9838243753536908	0.9821926540960229	0.9842304921112797	0.9917186330120654	0.9820211302778398	0.981494130054986	0.9859802466727305	0.9833995524382955	0.9856078488887854	0.9625557408061577	0.9482745392233419	0.9484625268037531	0.9536499152505609	0.9524464222412276	0.9547508267331027
RUNX1_HUMAN	15	5_RUNX1_HUMAN~CD~RUNX1_HUMAN_PEAKS034601_macs_M_feature_compare_table_train_cut.tab	0.8709337484387146	0.8745876036791479	0.7892066412311696	0.8609213714854702	0.862469608433998	0.8661905713649346	0.8661681334014621	0.8706976182937339	0.8678019348801996	0.8713542524970863	0.8699786751048056	0.8249289355886075	0.8272867117184329	0.8259719238665935	0.8163550349750519	0.8998049074583584	0.8724511940011704	0.890135449693857	0.8948533472648027	0.8964166981107355	0.9000320279677524	0.8938079341835905	0.8608424881248691	0.8798830108485012	0.8883870476395961	0.8902245484542103	0.8928457728795245	0.8190187380631222	0.7787322852257264	0.8081953559576958	0.8160046986535202	0.8149852701912288	0.827111754541982
RXRA_HUMAN	7	3_RXRA_HUMAN~CD~RXRA_HUMAN_PEAKS033797_macs_M_feature_compare_table_train_cut.tab	0.7718587134520329	0.7812152360624633	0.7736318321645697	0.7932442434981777	0.7861107811602412	0.7888586423273257	0.7989827479384842	0.7855052014372801	0.7793963125802716	0.7874475278387634	0.7822045753790609	0.7938899208715429	0.7865281336108236	0.7599375488402268	0.7805369596594305	0.8176958622289864	0.796242366247021	0.8276916296657327	0.8433929533682483	0.8248594437170024	0.8565359163494685	0.7998314509098235	0.769440085914839	0.7898411889913592	0.8174963820219213	0.7974191481296734	0.8256869228157482	0.7796336403464011	0.7589918710180636	0.7808461279541048	0.8071449869516408	0.775003251884358	0.8137373549372366
SOX2_HUMAN	11	5_SOX2_HUMAN~CD~SOX2_HUMAN_PEAKS035065_macs_M_feature_compare_table_train_cut.tab	0.8515961921585822	0.8624832223230404	0.8173016259639906	0.8525376248207673	0.8643727206993467	0.8553033042500638	0.849291099434468	0.8601188719967661	0.8703166212367264	0.8599834774557504	0.8555599481602087	0.8256633838175099	0.833638343176064	0.8259738067028537	0.8273665751277413	0.8819905417006967	0.8215454517423516	0.8774859149562273	0.8910422538033066	0.8882135309097885	0.8949396685777042	0.8747435376009164	0.8098537765418505	0.8685174879911216	0.8810744011084888	0.8779861795250465	0.885588499208405	0.8613968244565068	0.8190513300697716	0.8588824796333545	0.8691506366394499	0.8654174735256569	0.8669932296402428
SPI1_HUMAN	19	9_SPI1_HUMAN~CD~SPI1_HUMAN_PEAKS035173_macs_M_feature_compare_table_train_cut.tab	0.9360763913147871	0.943832697065642	0.9358540188649355	0.870724152923397	0.8820389610511895	0.883031667741647	0.8768924724703047	0.8807307848471267	0.8902968051131903	0.8907168487673709	0.8908216429443445	0.9447448621433947	0.949547767297258	0.9520380509973729	0.9517198291396586	0.9546212742517902	0.9209423757220807	0.9437196874396795	0.9446073679304354	0.9459842006148573	0.9507208882004831	0.9615768220242045	0.9354157364033133	0.951279029573697	0.9522381666003152	0.953283777429567	0.9546400780892871	0.9540341892302209	0.9399069099922112	0.9536057131117243	0.9548214400520139	0.9559572571915141	0.9576627016528272
SRF_HUMAN	13	5_SRF_HUMAN~CD~SRF_HUMAN_PEAKS033726_macs_M_feature_compare_table_train_cut.tab	0.8080286745700429	0.7994406290739325	0.7699253348166419	0.7984226014299044	0.8362497033286186	0.8430946050653749	0.7729197284539919	0.8043326764153207	0.8301136171646081	0.8508827161463519	0.76068716761989	0.8433135763342718	0.8556491973059902	0.8493217955813416	0.8096689653428614	0.8845474191257333	0.8078799387138681	0.8177836814184004	0.870765538414393	0.8768295331330831	0.8885824610452666	0.8661220217999183	0.8025344174992487	0.8132681869212741	0.8554349308956706	0.8710134406631593	0.8798265661147268	0.8390730846345965	0.7785272949997738	0.7977830862758253	0.8545103868161331	0.8480191369351018	0.8669611211713094
STA5A_HUMAN	5	2_STA5A_HUMAN~CD~STA5A_HUMAN_PEAKS035024_macs_M_feature_compare_table_train_cut.tab	0.7463582865990597	0.7564524582870629	0.8678417655657606	0.48607637707973844	0.7179984440995766	0.6625575945491817	0.7328748354190975	0.5159218033405107	0.7066228552659705	0.6467853797480454	0.7312238865109199	0.5649023598948043	0.8816155428992898	0.7568151639344263	0.8943347853366796	0.8031778888847756	0.788717167824448	0.7973242898285784	0.7942396351206658	0.7930946136779858	0.8148685354694427	0.778520874281613	0.7579593723551973	0.7588105925922064	0.7596947452387035	0.7563918070421483	0.7634778362277359	0.8774701203476264	0.8742540020758798	0.8835129093354515	0.8777947614073264	0.8761722524630213	0.8812122580365248
STAT1_HUMAN	8	4_STAT1_HUMAN~CD~STAT1_HUMAN_PEAKS033724_macs_M_feature_compare_table_train_cut.tab	0.903514305670161	0.9181621599274896	0.725122940344979	0.8734953512959278	0.8773787676716427	0.7996065335572663	0.8773576546290317	0.8775033589921708	0.8704532024271184	0.7923186473080144	0.8736936511446255	0.7352271965514826	0.7441489883988208	0.6517986719451395	0.7352477262452802	0.9416596111574768	0.9305700311426888	0.9394233881413722	0.9406951581221594	0.9383122714328981	0.9430448773790322	0.9408276681985968	0.9281542424149416	0.9318523784796496	0.9346781161581774	0.9325816289906237	0.9393435292186906	0.805935243198156	0.8132892383462907	0.8180700340012608	0.820851991365972	0.7986884852565694	0.8028020017127976
STAT3_HUMAN	1	2_STAT3_HUMAN~CM~STAT3_HUMAN_PEAKS033517_macs_M_feature_compare_table_train_cut.tab	0.7989497053481808	0.8206153259422361	0.8130208243519066	0.8028072488468546	0.8033044715842024	0.8058307687439473	0.805599169764779	0.8155747942694909	0.8156943436683497	0.8100448665359298	0.814674094101134	0.8372014699336805	0.8274103561413884	0.8380067867793398	0.8315106801086037	0.841748102130265	0.8204252258457626	0.8453082481904375	0.8442292720834327	0.8449389053729067	0.8523935007344219	0.837193563822416	0.8189126636970363	0.8356302217180527	0.8404874734924231	0.8371592003899312	0.8455978799554241	0.8287114122935861	0.8144126429874927	0.8338045592265482	0.8351205267725998	0.8388736033484031	0.8454092834570068
TAL1_HUMAN	14	1_TAL1_HUMAN~CD~TAL1_HUMAN_PEAKS033184_macs_M_feature_compare_table_train_cut.tab	0.8367046048842208	0.8627158735441924	0.9186406230106966	0.7777913141725342	0.7917478938832159	0.7833184591193446	0.7932039993405189	0.8115005494716191	0.8184264214377164	0.8075005013604415	0.8196766833479254	0.8656510451343595	0.8799886052700235	0.8695010920949648	0.8795906384903035	0.8648751893934407	0.838845341811115	0.8442067943067963	0.8462261804117046	0.8453474568537725	0.8511628841491299	0.8648453958409569	0.8434960954935071	0.8485992102864126	0.8500716221769219	0.8475009521208973	0.8502403148115185	0.922546166971041	0.9000953703800331	0.903392172188886	0.9065843177667623	0.9054655615270893	0.9075956766675363
TF65_HUMAN	45	27_TF65_HUMAN~CD~TF65_HUMAN_PEAKS037539_macs_M_feature_compare_table_train_cut.tab	0.810025224355606	0.802448776231856	0.7852219194549575	0.8068563282928721	0.8080263002531931	0.7477177279026324	0.7992554458917541	0.7854563331255489	0.7812090748103168	0.7405889676566303	0.7703540715808269	0.8037406223963057	0.7885875869691538	0.7341445752461884	0.8071287789115751	0.8525662584978214	0.8137417882724063	0.8255163835729314	0.8339724296058197	0.8324620769218197	0.841874198065537	0.8405382708645902	0.8045329244524803	0.8115577695440501	0.8178798201405194	0.8225014569339347	0.8240754810136428	0.7890619764556861	0.7860867362624862	0.8020078992433722	0.7861738131765762	0.7901158475245881	0.8090483829809475
TFE2_HUMAN	2	0_TFE2_HUMAN~CD~TFE2_HUMAN_PEAKS033772_macs_M_feature_compare_table_train_cut.tab	0.7613660909030083	0.7343145631591137	0.8673661157702032	0.7634730633794476	0.7717067699629526	0.7731904762265757	0.7726508586152201	0.7326131345277284	0.7244646129788249	0.7429546430779099	0.723085859595981	0.8605899639089879	0.8471820584081597	0.860597987097899	0.8667686097114463	0.8252682536183561	0.8239456454680787	0.8415844539235631	0.8443143336231603	0.8399030185627375	0.8570433508250342	0.7747530193646601	0.7528030064369243	0.7530562177745744	0.7590010655666778	0.7631195792242219	0.7644019251186165	0.8823547083950832	0.8731811927469271	0.8823561640659053	0.8822980198762096	0.880450470752332	0.8902311306773603
USF2_HUMAN	1	3_USF2_HUMAN~CM~USF2_HUMAN_PEAKS033521_macs_M_feature_compare_table_train_cut.tab	0.9728803718991182	0.9759833901717893	0.9802768884219459	0.9647432089151329	0.9656033199597078	0.9648825919809346	0.958659630547341	0.9777423246088921	0.9723846023207141	0.9735600960643327	0.96866875767251	0.9829867027350017	0.982601244173799	0.9825619042120824	0.9808120619031143	0.9798986132824435	0.9777847394195995	0.9778972278672202	0.9798210211094225	0.9795318279589244	0.9807585261796636	0.9787607822522998	0.9789506723245512	0.9781664676840524	0.9815989255248627	0.980347903272206	0.9812404594140834	0.9820934271138094	0.9816200339041022	0.9822271584446017	0.983432120512314	0.9828305347845465	0.984081086889968
