> THAP4_HUMAN~CM~THAP4_HUMAN.PEAKS034331.sissrs.M
14.000000000000002	74.00000000000001	2.0000000000000004	10.000000000000002
62.00000000000001	14.000000000000002	1.0000000000000002	23.000000000000004
6.000000000000001	59.00000000000001	2.0000000000000004	33.00000000000001
52.00000000000001	30.000000000000004	0.0	18.000000000000004
11.000000000000002	66.00000000000001	7.000000000000001	16.000000000000004
65.00000000000001	15.000000000000002	3.000000000000001	17.000000000000004
2.0000000000000004	89.00000000000001	0.0	9.000000000000002
73.00000000000001	5.000000000000001	2.0000000000000004	20.000000000000004
2.0000000000000004	78.00000000000001	7.000000000000001	13.000000000000002
56.00000000000001	29.000000000000004	1.0000000000000002	14.000000000000002
28.000000000000004	22.000000000000004	11.000000000000002	39.00000000000001
18.000000000000004	39.00000000000001	28.000000000000004	15.000000000000002
16.000000000000004	62.00000000000001	2.0000000000000004	20.000000000000004
63.00000000000001	24.000000000000004	9.000000000000002	4.000000000000001
22.000000000000004	60.00000000000001	9.000000000000002	9.000000000000002
38.00000000000001	37.00000000000001	6.000000000000001	19.000000000000004
30.000000000000004	64.00000000000001	3.000000000000001	3.000000000000001
48.00000000000001	6.000000000000001	5.000000000000001	41.00000000000001
0.0	77.00000000000001	12.000000000000002	11.000000000000002
65.00000000000001	15.000000000000002	10.000000000000002	10.000000000000002
16.000000000000004	57.00000000000001	18.000000000000004	9.000000000000002
31.000000000000004	45.00000000000001	2.0000000000000004	22.000000000000004
